# oST version 5.0 parameters


[image]

width
960

height
720

[narrow_stereo]

camera matrix
935.868504 0.000000 500.348317
0.000000 936.646925 344.665194
0.000000 0.000000 1.000000

distortion
-0.030625 0.074107 0.001069 0.005034 0.000000

rectification
1.000000 0.000000 0.000000
0.000000 1.000000 0.000000
0.000000 0.000000 1.000000

projection
936.262915 0.000000 504.357419 0.000000
0.000000 940.526326 345.439481 0.000000
0.000000 0.000000 1.000000 0.000000
