# oST version 5.0 parameters


[image]

width
320

height
240

[narrow_stereo]

camera matrix
231.569432 0.000000 156.252645
0.000000 232.019481 120.385214
0.000000 0.000000 1.000000

distortion
0.322974 -0.601208 -0.001376 0.003867 0.000000

rectification
1.000000 0.000000 0.000000
0.000000 1.000000 0.000000
0.000000 0.000000 1.000000

projection
236.869401 0.000000 156.971688 0.000000
0.000000 242.400914 120.144665 0.000000
0.000000 0.000000 1.000000 0.000000
